function states = quadf_statePFFull(t,t_s,x01,x02,x03,x04,x05,x06,x07,x08,x09,x11,x12,x13)
states = [x01 + t*x04 + (t^2*x07)/2 + (625*t^3*x01)/(500*t_s^3 + 9*t_s^2) - (15*t^3*x01)/(500*t_s^4 + 9*t_s^3) + (15*t^4*x01)/(2*(500*t_s^5 + 9*t_s^4)) - (3*t^5*x01)/(2*(500*t_s^6 + 9*t_s^5)) - (625*t^3*x11)/(500*t_s^3 + 9*t_s^2) + (15*t^3*x11)/(500*t_s^4 + 9*t_s^3) - (15*t^4*x11)/(2*(500*t_s^5 + 9*t_s^4)) + (3*t^5*x11)/(2*(500*t_s^6 + 9*t_s^5)) - (1875*t^3*t_s*x01)/(500*t_s^4 + 9*t_s^3) + (625*t^3*t_s*x04)/(500*t_s^3 + 9*t_s^2) - (15*t^3*t_s*x04)/(500*t_s^4 + 9*t_s^3) + (1875*t^4*t_s*x01)/(2*(500*t_s^5 + 9*t_s^4)) + (15*t^4*t_s*x04)/(2*(500*t_s^5 + 9*t_s^4)) - (375*t^5*t_s*x01)/(2*(500*t_s^6 + 9*t_s^5)) - (3*t^5*t_s*x04)/(2*(500*t_s^6 + 9*t_s^5)) + (1875*t^3*t_s*x11)/(500*t_s^4 + 9*t_s^3) - (1875*t^4*t_s*x11)/(2*(500*t_s^5 + 9*t_s^4)) + (375*t^5*t_s*x11)/(2*(500*t_s^6 + 9*t_s^5)) - (1875*t^3*t_s^2*x04)/(500*t_s^4 + 9*t_s^3) + (125*t^3*t_s^2*x07)/(500*t_s^3 + 9*t_s^2) - (15*t^3*t_s^2*x07)/(2*(500*t_s^4 + 9*t_s^3)) + (1875*t^4*t_s^2*x04)/(2*(500*t_s^5 + 9*t_s^4)) - (625*t^3*t_s^3*x07)/(500*t_s^4 + 9*t_s^3) + (15*t^4*t_s^2*x07)/(4*(500*t_s^5 + 9*t_s^4)) - (375*t^5*t_s^2*x04)/(2*(500*t_s^6 + 9*t_s^5)) + (625*t^4*t_s^3*x07)/(2*(500*t_s^5 + 9*t_s^4)) - (3*t^5*t_s^2*x07)/(4*(500*t_s^6 + 9*t_s^5)) - (125*t^5*t_s^3*x07)/(2*(500*t_s^6 + 9*t_s^5));
 x02 + t*x05 + (t^2*x08)/2 + (625*t^3*x02)/(500*t_s^3 + 9*t_s^2) - (15*t^3*x02)/(500*t_s^4 + 9*t_s^3) + (15*t^4*x02)/(2*(500*t_s^5 + 9*t_s^4)) - (3*t^5*x02)/(2*(500*t_s^6 + 9*t_s^5)) - (625*t^3*x12)/(500*t_s^3 + 9*t_s^2) + (15*t^3*x12)/(500*t_s^4 + 9*t_s^3) - (15*t^4*x12)/(2*(500*t_s^5 + 9*t_s^4)) + (3*t^5*x12)/(2*(500*t_s^6 + 9*t_s^5)) - (1875*t^3*t_s*x02)/(500*t_s^4 + 9*t_s^3) + (625*t^3*t_s*x05)/(500*t_s^3 + 9*t_s^2) - (15*t^3*t_s*x05)/(500*t_s^4 + 9*t_s^3) + (1875*t^4*t_s*x02)/(2*(500*t_s^5 + 9*t_s^4)) + (15*t^4*t_s*x05)/(2*(500*t_s^5 + 9*t_s^4)) - (375*t^5*t_s*x02)/(2*(500*t_s^6 + 9*t_s^5)) - (3*t^5*t_s*x05)/(2*(500*t_s^6 + 9*t_s^5)) + (1875*t^3*t_s*x12)/(500*t_s^4 + 9*t_s^3) - (1875*t^4*t_s*x12)/(2*(500*t_s^5 + 9*t_s^4)) + (375*t^5*t_s*x12)/(2*(500*t_s^6 + 9*t_s^5)) - (1875*t^3*t_s^2*x05)/(500*t_s^4 + 9*t_s^3) + (125*t^3*t_s^2*x08)/(500*t_s^3 + 9*t_s^2) - (15*t^3*t_s^2*x08)/(2*(500*t_s^4 + 9*t_s^3)) + (1875*t^4*t_s^2*x05)/(2*(500*t_s^5 + 9*t_s^4)) - (625*t^3*t_s^3*x08)/(500*t_s^4 + 9*t_s^3) + (15*t^4*t_s^2*x08)/(4*(500*t_s^5 + 9*t_s^4)) - (375*t^5*t_s^2*x05)/(2*(500*t_s^6 + 9*t_s^5)) + (625*t^4*t_s^3*x08)/(2*(500*t_s^5 + 9*t_s^4)) - (3*t^5*t_s^2*x08)/(4*(500*t_s^6 + 9*t_s^5)) - (125*t^5*t_s^3*x08)/(2*(500*t_s^6 + 9*t_s^5));
 x03 + t*x06 + (t^2*x09)/2 + (625*t^3*x03)/(500*t_s^3 + 9*t_s^2) - (15*t^3*x03)/(500*t_s^4 + 9*t_s^3) + (15*t^4*x03)/(2*(500*t_s^5 + 9*t_s^4)) - (3*t^5*x03)/(2*(500*t_s^6 + 9*t_s^5)) - (625*t^3*x13)/(500*t_s^3 + 9*t_s^2) + (15*t^3*x13)/(500*t_s^4 + 9*t_s^3) - (15*t^4*x13)/(2*(500*t_s^5 + 9*t_s^4)) + (3*t^5*x13)/(2*(500*t_s^6 + 9*t_s^5)) - (1875*t^3*t_s*x03)/(500*t_s^4 + 9*t_s^3) + (625*t^3*t_s*x06)/(500*t_s^3 + 9*t_s^2) - (15*t^3*t_s*x06)/(500*t_s^4 + 9*t_s^3) + (1875*t^4*t_s*x03)/(2*(500*t_s^5 + 9*t_s^4)) + (15*t^4*t_s*x06)/(2*(500*t_s^5 + 9*t_s^4)) - (375*t^5*t_s*x03)/(2*(500*t_s^6 + 9*t_s^5)) - (3*t^5*t_s*x06)/(2*(500*t_s^6 + 9*t_s^5)) + (1875*t^3*t_s*x13)/(500*t_s^4 + 9*t_s^3) - (1875*t^4*t_s*x13)/(2*(500*t_s^5 + 9*t_s^4)) + (375*t^5*t_s*x13)/(2*(500*t_s^6 + 9*t_s^5)) - (1875*t^3*t_s^2*x06)/(500*t_s^4 + 9*t_s^3) + (125*t^3*t_s^2*x09)/(500*t_s^3 + 9*t_s^2) - (15*t^3*t_s^2*x09)/(2*(500*t_s^4 + 9*t_s^3)) + (1875*t^4*t_s^2*x06)/(2*(500*t_s^5 + 9*t_s^4)) - (625*t^3*t_s^3*x09)/(500*t_s^4 + 9*t_s^3) + (15*t^4*t_s^2*x09)/(4*(500*t_s^5 + 9*t_s^4)) - (375*t^5*t_s^2*x06)/(2*(500*t_s^6 + 9*t_s^5)) + (625*t^4*t_s^3*x09)/(2*(500*t_s^5 + 9*t_s^4)) - (3*t^5*t_s^2*x09)/(4*(500*t_s^6 + 9*t_s^5)) - (125*t^5*t_s^3*x09)/(2*(500*t_s^6 + 9*t_s^5));
                                                                                                                                                                                                                                                                                                                                                                                                                                                                                                                                                                                                                                                                                                                                                                                                                                                                         x04 + t*x07 - ((5*t^2*(6*t^2*x01 - 6*t^2*x11))/4 + (5*t^2*t_s^3*(3000*x01 + 36*x04 - 3000*x11 - 3000*t*x04 - 12*t*x07 + 250*t^2*x07))/4 + (5*t^2*t_s^2*(36*x01 - 36*x11 - 3000*t*x01 - 24*t*x04 + 3000*t*x11 + 750*t^2*x04 + 3*t^2*x07))/4 + (5*t^2*t_s^4*(3000*x04 + 18*x07 - 1000*t*x07))/4 + 1500*t^2*t_s^5*x07 + (5*t^2*t_s*(24*t*x11 - 24*t*x01 + 750*t^2*x01 + 6*t^2*x04 - 750*t^2*x11))/4)/(t_s^5*(500*t_s + 9));
                                                                                                                                                                                                                                                                                                                                                                                                                                                                                                                                                                                                                                                                                                                                                                                                                                                                         x05 + t*x08 - ((5*t^2*(6*t^2*x02 - 6*t^2*x12))/4 + (5*t^2*t_s^3*(3000*x02 + 36*x05 - 3000*x12 - 3000*t*x05 - 12*t*x08 + 250*t^2*x08))/4 + (5*t^2*t_s^2*(36*x02 - 36*x12 - 3000*t*x02 - 24*t*x05 + 3000*t*x12 + 750*t^2*x05 + 3*t^2*x08))/4 + (5*t^2*t_s^4*(3000*x05 + 18*x08 - 1000*t*x08))/4 + 1500*t^2*t_s^5*x08 + (5*t^2*t_s*(24*t*x12 - 24*t*x02 + 750*t^2*x02 + 6*t^2*x05 - 750*t^2*x12))/4)/(t_s^5*(500*t_s + 9));
                                                                                                                                                                                                                                                                                                                                                                                                                                                                                                                                                                                                                                                                                                                                                                                                                                                                         x06 + t*x09 - ((5*t^2*(6*t^2*x03 - 6*t^2*x13))/4 + (5*t^2*t_s^3*(3000*x03 + 36*x06 - 3000*x13 - 3000*t*x06 - 12*t*x09 + 250*t^2*x09))/4 + (5*t^2*t_s^2*(36*x03 - 36*x13 - 3000*t*x03 - 24*t*x06 + 3000*t*x13 + 750*t^2*x06 + 3*t^2*x09))/4 + (5*t^2*t_s^4*(3000*x06 + 18*x09 - 1000*t*x09))/4 + 1500*t^2*t_s^5*x09 + (5*t^2*t_s*(24*t*x13 - 24*t*x03 + 750*t^2*x03 + 6*t^2*x06 - 750*t^2*x13))/4)/(t_s^5*(500*t_s + 9));
